0002 0038 202F 803E 0001 000A 0002 0800 E001 0000
12C4 0000 4000 0020 0203 0020 0238 0003 0200 0000
4001 043B FFFF 0016 4953 474E 454C 5320 4554 2050
464F 4120 3220 432D 4359 454C 4920 534E 2E54 2820
5052 4653 2941 5420 5345 0054 0000
0002 0039 2037 803E 8001 0200 0008 0002 0800 E001
01FF 12C4 0000 4000 0020 0000 0003 0200 01FF 4001
0400 FFFF 001F 8400 4953 474E 454C 5320 4554 2050
2D32 5943 4C43 2045 5228 5350 4146 2D29 5350 2041
4E49 5243 4D49 4E45 0054 5845 4550 5443 4445 5020
4153 313D 3030 0030 0000
0002 003B 002C 0001 0011 0002 0800 5002 6003 0014
0200 0000 0600 00F0 0200 0000 0000 0030 1083 F000
1A00 0000 023B 0001 4814 043C FFFF 000F 444D 5320
4950 204E 2026 4148 544C 5020 4952 524F 5449 2059
4554 5453 0000 0000
0002 003C 002E 0001 0011 0002 0800 5002 6003 0014
1314 0000 0000 0000 0000 0000 0000 0030 1083 F0E0
0000 0000 0203 0001 4814 0400 0FFF 0011 444D 5320
4950 204E 4E41 2044 4552 5554 4E52 5020 4952 524F
5449 2059 4554 5453 0000 0000
0002 0060 0044 0001 001F 0002 0800 5002 6006 0014
0003 8C00 0400 0000 0003 8E00 0400 00FF 0003 C000
0400 1C20 0003 8C00 0400 0020 12C7 F000 4000 0020
0003 F000 0000 0000 0203 0020 0238 0001 4814 043B
FFFF 0019 8439 2032 5943 4C43 2045 4641 4554 2052
4E49 4554 5252 5055 2054 202D 4F43 5252 4345 2054
5546 434E 4954 4E4F 5420 5345 0054 0000
0002 0076 2040 803E 8001 E000 000F 0002 0800 0207
00FF 5002 6002 0014 0000 0000 0000 0000 111C 0000
0000 0000 0000 0005 0239 E000 0200 0014 4001 0439
FC00 001F 4953 474E 454C 5320 4554 2050 4542 4F46
4552 4120 4520 4958 544E 0000 5453 5441 2032 203D
3731 3036 3030 4920 2046 5845 4E49 2054 5845 4345
5455 4445 0000 0000
0005 0037 0042 0002 0000 0000 001C 0002 0800 6006
0014 0204 0000 0400 0000 12C4 0000 0000 0019 1010
0012 0000 0000 0244 0000 0000 0000 0003 F000 0000
0000 0000 0000 0800 0000 0001 4814 0002 0201 0001
0002 0002 2000 0003 0000 0018 0018 0405 0000 000F
4442 4E42 4120 5446 5245 4120 3220 432D 4359 454C
2820 5052 4653 2941 0000 0000
0005 0038 004C 0001 0002 0303 F000 0000 0000 0000
0022 E008 0001 0204 0000 0000 0000 120C 0000 0000
0003 0247 F000 0000 0000 1200 0000 0000 0001 120C
0000 0000 0003 0244 00E0 0000 0000 0303 F000 0000
0000 0244 00E0 0000 0000 0001 4801 0002 0201 0001
0002 0002 2000 0003 0003 0003 0003 0405 0001 0400
000E 4552 5554 4E52 4620 4C4F 4F4C 4557 2044 5942
5220 5445 5255 204E 0000 0000
0005 0039 0048 0001 0002 0003 F000 0000 0000 0000
001A E006 0001 0204 0000 0000 0000 120C 0000 0000
0003 0247 F000 0000 0000 1200 0000 0000 0001 12C4
0000 0000 003D 0244 00E0 0000 0000 0001 4801 0002
0201 0001 0002 0002 2000 0003 0002 0003 0003 0405
0000 0013 2032 202D 5943 4C43 2045 4F46 4C4C 574F
4445 4220 2059 4552 5554 4E52 2820 5052 4653 2941
0000 0000
0005 003C 002B 0000 0000 0000 0003 8001 0000 FFFF
0002 0002 0800 0000 0004 0205 FFFF 0002 0800 0003
FFFF 003F 003F 0405 0002 0401 0405 000E 4E46 5220
5345 5445 2D20 5320 4150 2844 2930 4420 5349 5554
4252 0000 0000
0005 0075 0038 0002 0000 0000 001C 0002 0800 6006
0014 1108 0000 0000 0000 0380 0000 0400 FFFF 0240
0000 0000 0000 0000 0000 1C00 0000 0003 F000 0000
0000 1200 0000 0000 0014 0001 4811 0000 0002 0002
2000 0003 0000 0017 0017 043C 0001 043C 0006 5053
4E46 4C20 5441 4843 0000 0000
0005 0076 003E 0002 0000 0001 001B 0002 0800 8001
0003 0023 6005 0014 12C4 0000 4000 003D 0380 0000
0600 0000 4000 0000 1C00 0000 1204 0000 0000 0042
1200 0000 0000 0012 0001 4811 0002 0201 0001 0202
0200 005A 0002 2000 0003 0000 005E 0019 0405 043B
043C 0000 0008 5053 4E46 4C20 5441 4843 4420 5441
0041 0000
0005 007A 0059 0002 0003 0003 F800 0000 0000 0003
002B 0002 0800 8001 0003 004E 6009 0014 0003 8400
0000 00C0 12C4 0000 4004 003D 0000 0000 0700 00D0
0003 B200 0000 0000 0000 0000 0000 0020 0003 B200
0000 0000 0000 0000 1A00 0000 120C 0000 0000 0035
1200 0000 0000 0012 0001 4811 0002 0201 0001 0202
0200 005A 0002 2000 0003 0000 005E 001B 0405 041B
042B 043B 041C 042C 043C 0000 000B 444D 5320 4154
4B43 4E49 2047 5245 4F52 2052 3123 0000 0000
0005 007B 005D 0002 0003 0003 F800 0000 0000 0003
002F 0002 0800 8001 0003 004E 600A 0014 0003 8400
0000 00C0 12C4 0000 4004 003D 0000 0000 0700 00D0
0000 0000 0000 0020 0000 0000 0000 0010 0000 0000
0000 0020 0000 0000 0000 0000 0000 0000 1A00 0000
120C 0000 0000 0034 1200 0000 0000 0012 0001 4811
0002 0201 0001 0202 0200 005A 0002 2000 0003 0000
005E 001C 0405 041B 042B 043B 041C 042C 043C 0000
000B 444D 5320 4154 4B43 4E49 2047 5245 4F52 2052
3223 0000 0000
0005 007C 0061 0002 0003 0003 F800 0000 0000 0003
0033 0002 0800 8001 0003 004E 600B 0014 0003 8400
0000 00C0 12C4 0000 4004 003D 0000 0000 0700 00D0
0000 0000 0000 0020 0003 B200 0000 0000 0000 0000
0000 0010 0000 0000 0000 0000 0000 0000 0000 0000
0000 0000 1A00 0000 120C 0000 0000 0033 1200 0000
0000 0012 0001 4811 0002 0201 0001 0202 0200 005A
0002 2000 0003 0000 005E 001D 0405 041B 042B 043B
041C 042C 043C 0000 000B 444D 5320 4154 4B43 4E49
2047 5245 4F52 2052 3323 0000 0000
0002 0051 0033 8001 0000 0019 0002 0800 5002 6005
0014 0380 0000 0400 FFFF 0384 0000 0400 0000 4004
0020 0000 0000 0303 F000 0000 0000 1200 0000 0000
0014 0000 0003 4814 0201 0001 0405 FFFF 000B 4F4E
4C2D 414F 2044 5053 4441 4420 5349 5554 4252 0000
0000
0005 0077 0047 0002 0000 0001 0023 0002 0800 8001
0003 0023 6007 0014 0390 0000 0400 0FFF 03B0 0000
0600 0000 5130 0000 4C00 0003 1314 0000 0000 0000
0337 B000 1C00 0000 1204 0000 0000 0043 1200 0000
0000 0012 0001 4811 0002 0201 0001 0202 0200 005A
0002 2000 0003 0000 005E 0019 0405 043B 043C 0000
0009 4552 4958 2054 4E49 5453 5552 5443 4F49 004E
0000
0002 0040 001A 8001 E30F 0002 0207 00FF 0000 0004
0239 FFFF 0002 0800 0439 FFFF 0008 5453 5441 2032
4E46 5220 5345 5445 0000 0000
0002 0041 0026 8001 0000 0002 0207 00FB 0000 0004
0239 FFFF 0002 0800 0439 FFFF 0014 8439 4F49 4D20
5341 204B 4E46 5220 5345 5445 0000 5845 2050 4F49
4D20 5341 3D4B 2030 2020 2020 0000 0000
0002 0042 0011 0001 0004 0207 00FF 0239 0400 0202
0000 0402 FFFF 0002 4D53 0041 0000
0002 0044 2016 8036 0001 0002 0207 00F9 0239 0000
0439 FFFF 0008 5452 2043 202D 4C43 434F 204B 4553
0054 01A0
0002 0045 201A 8036 0002 0002 0207 00F9 0239 0002
0207 00F8 0439 FFFF 000A 5452 2043 202D 4C43 434F
204B 4F43 4E55 4554 0052 01A0
0002 0046 201A 8036 0001 0004 0002 0800 0207 00FA
0239 0000 0439 017E 000A 5452 2043 202D 4C43 434F
204B 4F43 544E 4F52 004C 0000
0002 0053 0027 8000 4000 0000 0000 0003 0201 0000
0402 0000 4000 0018 5753 2052 4341 204B 4857 4E45
4120 2050 4552 4441 2053 5753 0052 5845 2050 4E46
3420 3030 3030 4220 5449 5320 5445 0000 0198
0002 0054 001F 8000 2000 0000 0000 0002 0002 0400
0002 2000 0011 494C 4554 2053 4341 2E4B 0000 5845
2050 4E46 3220 3030 3030 4220 5449 5320 5445 0000
0198
0002 0055 0027 8000 0000 0000 0000 0004 0201 0000
0001 0000 0002 4000 0017 5753 2052 4341 2E4B 2020
4F48 5453 4320 454C 5241 0053 5845 2050 4E46 3420
3030 3030 4220 5449 4320 454C 5241 0000 0198
0002 0056 0021 8000 0000 0000 0000 0003 0002 0400
0403 0002 2000 0012 494C 4554 2053 4341 2E4B 0000
5845 2050 4E46 3220 3030 3030 4220 5449 4320 454C
5241 0000 0198
0002 0057 0026 8000 0800 0000 0000 0003 0207 00FE
0639 0000 0800 0017 5753 2052 4341 2E4B 4220 5449
4920 204E 5453 5441 0033 5845 2050 5453 5441 2033
3034 3030 4220 5449 5320 5445 0000 0000
0002 0058 0026 8001 0400 0002 0207 00FE 0000 0002
0002 0400 0439 0400 0016 494C 4554 2053 4341 2E4B
4920 204E 5453 5441 0033 5845 2050 5453 5441 2033
3032 3030 4220 5449 5320 5445 0000 0000
0002 0059 0026 8000 0000 0000 0000 0004 0207 00FE
0001 0000 0439 0800 0016 5753 2052 4341 2E4B 4920
204E 5453 5441 0033 5845 2050 5453 5441 2033 3034
3030 4220 5449 4320 454C 5241 0000 0000
0002 005A 0028 8001 0000 0002 0207 00FE 0000 0003
0002 0400 0403 0439 0400 0017 494C 4554 2053 4341
2E4B 4920 204E 5453 5441 0033 5845 2050 5453 5441
2033 3032 3030 4220 5449 4320 454C 5241 0000 0000
0005 003B 0042 0000 0001 F3FF 0000 000C 0207 00FE
E002 0014 0000 0000 0000 0000 120C 0000 0000 FFFF
0005 0200 0014 0239 0000 4002 0000 0005 0200 0014
0239 0000 4002 0003 0040 003F 003F 0439 0002 0400
0439 0017 4953 474E 454C 5320 4554 2050 534A 0052
5845 2050 5453 5441 3D33 3030 3158 3030 202C 5845
2050 5350 3D41 3432 0000 0000
0005 0040 0027 0000 0001 F3FF 0000 0002 0207 00FE
0004 0239 FFFF 0002 0800 0000 0004 0239 FFFF 0002
0800 0003 003F 0400 0400 0439 0001 0439 0009 5041
5453 5441 2033 4E46 5220 5345 5445 0000 0000
0005 0041 2044 803E 0002 0000 0001 001B 0002 0800
8001 0003 0023 6005 0014 12C4 0000 4000 003D 0003
C000 0600 0000 0003 C800 1200 0000 1204 0000 0000
0042 1200 0000 0000 0012 0003 0207 00FF 4811 0002
0201 0001 0202 0200 005A 0002 2000 0003 0000 005E
0017 0405 043B 043C 0000 000B 5453 5441 2032 4144
4154 4920 544E 4745 4952 5954 0000 0000
0005 0042 2052 803E 0002 0000 0001 0029 0002 0800
8003 0003 0018 03FF F3FF 6008 0014 12C4 0000 4000
003D 03B0 0000 0600 0000 5130 0000 0000 0000 4333
C000 4C00 0000 03B7 C800 0200 0000 5174 0000 1C00
0000 1204 0000 0000 0043 1200 0000 0000 0012 0003
0207 00FE 4811 0002 0201 0001 0202 0200 005A 0002
2000 0003 0000 005E 001A 0405 043B 043C 0000 000B
5453 5441 2033 4144 4154 4920 544E 4745 4952 5954
0000 0000
0005 0043 2045 8036 0002 0000 0001 001D 0002 0800
0207 00FB 8001 0003 0023 6005 0014 12C4 0000 4000
003D 0003 C000 0600 0000 0003 C800 1200 0000 1204
0000 0000 0042 1200 0000 0000 0012 0001 4811 0002
0201 0001 0202 0200 005A 0002 2000 0003 0000 005E
0017 0405 043B 043C 0000 000C 4F49 4D20 5341 204B
4144 4154 4920 544E 4745 4952 5954 0000 0000
0005 005F 0042 0002 0000 0000 0020 0002 0800 6007
0014 1114 0000 0000 0000 0003 8400 0400 0000 1110
0000 0000 0000 0003 8400 0400 FFFF 1114 0000 0000
0000 0003 F000 0000 0000 1200 0000 0000 0015 0001
4814 0000 0002 0002 2000 0003 0000 0019 0019 0402
0002 0402 0439 000B 4D53 2041 202D 414D 5520 494E
5551 0045 5845 3D50 0030 0000
0005 0067 004F 0002 0000 0003 0027 0002 0800 8001
0003 004E 6008 0014 0003 8E00 0400 0005 03BC 0000
0400 FFFE 43FF C000 0600 0003 43FC 0000 0000 0003
0000 0000 0000 0000 0000 0000 1E00 0000 1204 0000
0000 0040 1200 0000 0000 0012 0001 4811 0002 0201
0001 0202 0200 005A 0002 2000 0003 0000 005E 001A
0405 041B 042B 043B 041C 042C 043C 0000 0009 4D54
2820 3731 3737 3637 2029 4144 4154 0000 01A9
0005 0068 0062 0002 0003 0003 F800 0000 0000 0003
0037 0002 0800 8001 0003 004E 600C 0014 1108 0000
0000 0000 0003 8400 0000 00C0 12C4 0000 4004 003D
0000 0000 0700 00D0 0003 B200 0000 0000 0000 0000
0000 0020 0000 0000 0000 0000 0000 0000 0000 0000
0003 B200 0000 0000 0000 0000 1A00 0000 1204 0000
0000 0040 1200 0000 0000 0012 0001 4811 0002 0201
0001 0202 0200 005A 0002 2000 0003 0000 005E 001E
0405 041B 042B 043B 041C 042C 043C 0000 0008 444D
4620 4649 204F 4552 2047 202D 0041 0000
0005 0069 0069 0002 0003 0003 F800 0000 0000 0003
003F 0002 0800 8001 0003 004E 600E 0014 1108 0000
0000 0000 0003 8400 0000 00C0 12C4 0000 4004 003D
0000 0000 0700 00D0 0000 0000 0000 0020 0003 B200
0000 0000 0000 0000 0000 0010 0000 0000 0000 0000
0000 0000 0000 0000 0000 0000 0000 0020 0003 B200
0000 0000 0000 0000 1A00 0000 120C 0000 0000 0030
1200 0000 0000 0012 0001 4811 0002 0201 0001 0202
0200 005A 0002 2000 0003 0000 005E 0020 0405 041B
042B 043B 041C 042C 043C 0000 0007 444D 4620 4649
204F 4552 2D47 0042 0000
0002 003A 0029 8001 FFFF 0011 0002 0800 5002 6003
0014 0380 0000 0400 FFFF 4000 0000 0000 0000 0003
F000 0000 0000 0000 0001 4814 043E FFFF 000B 4E46
3220 3730 2D36 5845 4D41 4E49 2045 5053 4E46 0000
0000
0002 003D 0011 0001 0002 0207 0003 0004 0000 0439
FFFF 0004 4E46 3220 3730 0031 0000
0002 003E 0011 0001 0002 0207 0003 0239 0000 0004
FFFF 0004 4E46 3120 3730 0031 0000
0002 0043 0011 0001 0002 0201 0000 0205 0000 0405
FFFF 0004 4E46 3220 3030 0035 0000
0002 0047 0016 8001 0400 0002 0203 0000 0000 0000
042F FFFF 0008 4E46 3220 3530 2037 4528 4D54 2948
0000 0198
0002 0048 0022 8000 0400 0000 0000 0006 0203 0000
0002 042F 0203 FFFF 0427 FFFF 0010 4D54 5220 4745
2D20 4520 4158 494D 454E 5420 204D 4552 2047 4944
5453 5255 0042 01A9
0002 0049 0020 8000 0000 0002 0002 0800 0000 0006
0203 0000 0002 042F 0203 FFFF 042F FFFF 000C 4E46
3220 3530 2037 4F4D 4944 5946 2053 4D54 5220 4745
0000 0000
0002 004A 0020 8000 0400 0000 0000 0008 0203 0000
0002 042F 0203 FFFE 0002 00C0 0427 FFFF 000C 4D54
5220 4745 2D20 4920 434E 4D54 2041 4944 5453 5255
0042 0000
0002 004C 0027 0001 0006 E001 0000 112C 0000 0600
0000 023B 0004 0200 0000 4001 0401 0000 FFFF 0012
5044 2858 342D 2029 4D4C 4E41 3220 5320 5257 5520
4953 474E 4420 4C42 5753 4920 534E 0054 0000
0002 004D 0025 8001 0000 0008 0232 0000 023D 0000
0232 0001 023D FFFF 0000 0006 0232 0000 0002 043D
0232 0001 043A FFFF 000B 444D 4552 2047 5845 4D41
4E49 2045 4944 5453 5255 0042 0000
0002 004E 0026 8000 0000 0008 0232 0000 023D 0000
0232 0001 023D FFFF 0000 0006 0232 0000 0002 043D
0002 0040 043A FFFF 000C 444D 5220 4745 2D20 4920
434E 414D 4420 5349 5554 4252 0000 0000
0002 004F 0016 8001 0201 0002 0203 0000 0000 0000
041F FFFF 0008 4E46 3220 3330 2037 4528 4D54 2945
0000 0198
0002 0068 202F 803E 8001 0000 0006 E001 0000 0003
FE00 4200 0000 0000 0005 0002 0800 0200 0000 4001
043B FFFF 0017 4F49 4E49 4154 4120 5446 5245 4620
204E 4552 4553 2054 4552 5554 4E52 2053 4F4E 5A4E
5245 204F 4F50 4E49 4554 0052 0000
0005 004A 003F 0002 0000 0000 001A 6006 0014 0000
0000 4404 0000 0000 0000 4403 FFFF 1124 0000 0000
0000 0000 0000 1700 0000 0003 F000 0000 0000 1208
0000 0000 FFFB 0001 4814 0000 0002 0002 2000 0003
FFFF 0018 0018 043C 0001 043C 000F 4452 4950 4920
534E 5254 4355 4954 4E4F 0000 5845 3D50 3731 3737
3737 0000 0000
0005 004B 0048 0002 0000 0000 0018 0002 0800 6005
0014 0000 0000 4404 0000 1128 0000 4404 FFFF 0000
0000 1700 0000 0003 F000 0000 0000 1208 0000 0000
FFFC 0001 4814 0000 0002 0002 2000 0003 0000 0017
0017 043C 0001 043C 001A 4457 4950 4420 5850 5720
4952 4554 4920 484E 4249 5449 2820 5044 2058 2032
5044 2C59 5220 4145 2044 5044 2959 0000 5845 3D50
0030 0000
0005 004D 0036 0002 0000 0001 0017 0002 0800 8001
0003 0023 6004 0014 12C7 8600 4000 003D 1133 9600
1000 0000 1204 0000 0000 0042 1200 0000 0000 0012
0001 4811 0002 0201 0001 0202 0200 005A 0002 2000
0003 0000 005E 0016 0405 043B 043C 0000 0004 4E50
4432 4C42 0000 0000
0005 004E 003C 0000 0000 0000 0010 0207 00FF E003
0014 1100 0000 0000 0000 0003 F000 0000 0000 1208
0000 0000 FFFE 0003 0239 0000 4814 0000 0002 0002
2000 0003 0800 0015 0015 0439 0001 0439 0014 4F49
204E 202D 4E49 4554 5252 5055 2054 4E45 4241 454C
4920 534E 0054 5845 2050 203D 3034 3030 0000 0000
0005 004F 003D 0002 0000 0000 0010 0207 00FF 6003
0014 1104 0000 0000 0000 0003 F000 0000 0000 1208
0000 0000 FFFE 0003 0239 0800 4814 0000 0002 0002
2000 0003 4000 0015 0015 0439 0001 0439 0015 4F49
4646 2D20 4920 544E 5245 5552 5450 4420 5349 4241
454C 4920 534E 0054 5845 2050 203D 3034 3030 0000
0000
0005 0050 0031 0002 0000 0000 0010 0207 00FF 6003
0014 1108 0000 0000 0000 0003 F000 0000 0000 1208
0000 0000 FFFE 0003 0239 0000 4814 0000 0002 0002
2000 0003 1000 0015 0015 0439 0001 0439 0009 4553
4D54 444F 0000 5845 3D50 3031 3030 0030 0000
0005 0051 0032 0002 0000 0000 0010 0207 00FF 6003
0014 110C 0000 0000 0000 0003 F000 0000 0000 1208
0000 0000 FFFE 0003 0239 1000 4814 0000 0002 0002
2000 0003 8000 0015 0015 0439 0001 0439 000A 4C43
4D52 444F 0000 5845 3D50 3031 3030 3030 0000 0000
0005 0052 0030 0002 0000 0000 0010 0207 00FF 6003
0014 1110 0000 0000 0000 0003 F000 0000 0000 1208
0000 0000 FFFE 0003 0239 0400 4814 0000 0002 0002
2000 0003 2000 0015 0015 0439 0001 0439 0008 4553
4D4C 0041 5845 3D50 3032 3030 0030 0000
0005 0053 0031 0002 0000 0000 0010 0207 00FF 6003
0014 1114 0000 0000 0000 0003 F000 0000 0000 1208
0000 0000 FFFE 0003 0239 0000 4814 0000 0002 0002
2000 0003 0400 0015 0015 0439 0001 0439 0009 4553
534C 414D 0000 5845 3D50 3032 3030 0000 0000
0005 0054 003C 0002 0000 0000 0010 0207 00FF 6003
0014 1118 0000 0000 0000 0003 F000 0000 0000 1208
0000 0000 FFFE 0003 0239 0800 4814 0000 0002 0002
2000 0003 5400 0028 0015 0439 0001 0439 0014 4E45
4954 544E 4920 534E 2E54 4120 5350 4154 3254 4220
5449 5420 5345 0054 5845 3D50 3231 3030 0030 0000
0005 0056 0045 0002 0000 0003 0023 0002 0800 8001
0003 004E 6007 0014 0000 0000 1401 36DB 0001 A600
0008 0000 0001 E000 0000 0000 0001 8000 0000 0000
0000 0000 2000 0000 1204 0000 0000 0040 1200 0000
0000 0012 0001 4811 0002 0201 0001 0202 0200 005A
0002 2000 0003 0000 005E 0019 0405 041B 042B 043B
041C 042C 043C 0000 0003 5046 3141 0000 0191
0005 0057 0051 0002 0000 0000 0030 0002 0800 600B
0014 12CC 0000 4004 000A 0001 D400 0100 0000 0001
E000 0000 0000 0001 2000 0100 0000 0001 8000 0000
0000 0000 0000 0000 0000 0000 0132 0000 0000 0204
0000 0000 0000 0003 F000 0000 0000 1200 0000 0000
0012 0000 0020 1400 0000 0003 0801 002E 4811 0002
0201 0001 0002 0002 2000 0003 0000 001C 001C 0405
0000 0008 5046 3141 4D20 444F 4649 5359 4120 0032
0191
0005 0058 0045 0002 0000 0003 0023 0002 0800 8001
0003 004E 6007 0014 0000 0000 1401 36DB 0001 B400
0008 0000 0001 F000 0000 0000 0001 8000 0000 0000
0000 0000 2000 0000 1204 0000 0000 0040 1200 0000
0000 0012 0001 4811 0002 0201 0001 0202 0200 005A
0002 2000 0003 0000 005E 0019 0405 041B 042B 043B
041C 042C 043C 0000 0003 5046 3241 0000 0000
0005 0059 004D 0002 0000 0000 002E 600B 0014 12CC
0000 4004 000A 0001 AA00 0100 0000 0001 F000 0000
0000 0001 0400 0100 0000 0001 8000 0000 0000 0000
0000 0000 0000 0000 0132 0000 0000 0204 0000 0000
0000 0003 F000 0000 0000 1200 0000 0000 0011 0000
0020 1400 0000 0001 4811 0002 0201 0001 0002 0002
2000 0003 0000 001C 001C 0405 0000 0008 5046 3141
4D20 444F 4649 5359 4120 0031 0000
0005 005B 002A 0000 0000 0000 000A 0232 0000 023D
FFFF E001 0014 0003 B200 0000 00C0 0003 0200 0014
4001 0000 0003 0200 0014 4001 0003 0000 0000 0000
043D 0001 043D 0007 5453 5441 414D 4520 5058 303D
0000 0000
0005 005D 0040 0002 0000 0000 0018 0002 0800 6005
0014 0000 0000 1404 0000 1128 0000 1404 FFFF 0000
0000 1820 0000 0003 F000 0000 0000 1208 0000 0000
FFFC 0001 4814 0000 0002 0002 2000 0003 0000 0017
0017 043C 0001 043C 0012 4457 4950 4420 5950 5720
4952 4554 4920 484E 4249 5449 0000 5845 3D50 3731
3737 3737 0000 0000
0005 0060 004B 0002 0000 0001 0027 0002 0800 8001
0003 0023 6008 0014 12C4 0000 4000 003D 1110 0000
0000 0000 0003 B400 0600 0000 1114 0000 0000 0000
0303 9400 0000 0000 4000 0000 1C00 0000 1204 0000
0000 0042 1200 0000 0000 0012 0001 4811 0002 0201
0001 0202 0200 005A 0002 2000 0003 0000 005E 001A
0405 043B 043C 0000 0009 444C 4D4F 2041 202D 414D
5320 4C45 4345 0054 0000
0005 0061 004B 0002 0000 0001 0027 0002 0800 8001
0003 0023 6008 0014 12C4 0000 4000 003D 1114 0000
0000 0000 0003 B400 0600 0000 1110 0000 0000 0000
0303 9400 0000 0000 4000 0000 1C00 0000 1204 0000
0000 0042 1200 0000 0000 0012 0001 4811 0002 0201
0001 0202 0200 005A 0002 2000 0003 0000 005E 001A
0405 043B 043C 0000 0009 444C 4D4F 2041 202D 414D
5320 4C45 4345 0054 0000
0005 0062 004C 0002 0000 0001 0028 0002 0800 0201
0003 0205 001E 6008 0014 12C4 0000 4000 003D 1110
0000 0000 0000 0003 8400 0600 0000 1114 0000 0000
0000 0303 B600 0000 0000 4000 0000 1C00 0000 1204
0000 0000 0042 1200 0000 0000 0012 0001 4811 0002
0201 0001 0202 0200 005A 0002 2000 0003 0000 005E
001A 0405 043B 043C 0000 0009 4F52 414D 2D20 4D20
2041 4553 454C 5443 0000 0000
0005 0063 004B 0002 0000 0001 0027 0002 0800 8001
0003 0023 6008 0014 12C4 0000 4000 003D 1114 0000
0000 0000 0003 8400 0600 0000 1110 0000 0000 0000
0303 B600 0000 0000 4000 0000 1C00 0000 1204 0000
0000 0042 1200 0000 0000 0012 0001 4811 0002 0201
0001 0202 0200 005A 0002 2000 0003 0000 005E 001A
0405 043B 043C 0000 0009 4F52 414D 2D20 5320 414D
5320 4C45 4345 0054 0000
0002 0050 2049 8036 0001 002D 0002 0800 5002 E001
0000 1200 0000 0000 0020 6006 0014 0003 8C00 0400
0000 0003 8E00 0400 00FF 0003 C000 0400 FC20 0003
8C00 0400 0020 1210 0000 0000 0000 0003 F000 0000
0000 6002 0020 1043 B000 0000 0000 0003 F000 0000
0000 0203 0001 4814 0003 0FFF 000F 4552 5554 4E52
4120 4444 202E 4641 4554 2052 4146 4154 204C 4E49
2E54 0000 0000
0002 0061 2053 8036 8001 0000 001D 0002 0800 5002
6006 0014 0003 8C00 0400 0000 0003 8E00 0400 00FF
0003 C000 0400 1C20 0003 8C00 0400 0020 12C7 F000
4000 0020 0003 F000 0000 0000 0000 0001 4814 0400
0FFF 0028 8439 2032 5943 4C43 2045 4641 4554 2052
4E49 4554 5252 5055 2054 202D 5350 2041 4E49 4F43
5252 4345 0054 5845 4550 5443 4445 5020 4153 303D
202C 5845 4550 5443 4445 5320 4154 3254 313D 3237
3430 0032 0000
0005 006C 004C 0002 0000 0000 0028 0002 0800 6009
0014 03BC 0000 0400 FFFE 110B 8E00 0400 0005 43FF
C000 0C00 0003 0000 0000 0000 0002 0000 0000 0000
0001 0000 0000 0000 0000 0000 0000 1E00 0000 0003
F000 0000 0000 1200 0000 0000 0014 0001 4811 0000
0002 0002 2000 0003 0000 001B 001B 043C 0003 041C
042C 043C 000C 4D54 4620 4649 204F 5553 4550 5652
5349 524F 4D20 444F 0045 0000
0005 0072 0054 0002 0000 0000 0030 0002 0800 600B
0014 0003 8C00 0400 0000 0384 0000 0400 0001 0003
F200 0000 0000 1108 0000 0000 0000 0001 2400 0100
0000 0001 8000 0000 0000 0000 0000 0000 0000 0000
0112 0000 0000 0204 0000 0000 0000 0003 F000 0000
0000 1200 0000 0000 0014 0001 4811 0002 0201 0001
0002 0002 2000 0003 0000 005E 001A 0405 0001 0406
000C 4146 4444 5020 5355 2048 4E49 5320 5055 5245
4D20 444F 0045 0000
0005 007F 2038 8036 0001 0002 0003 F000 0000 0000
0000 0008 0207 00FF E001 03FE 1123 F000 0000 0000
0003 0239 FC10 4BFE 0000 0003 0239 FC10 4BFE 0003
0000 0400 0400 0400 0000 0013 8400 5254 5041 4120
444E 5020 4153 4E20 544F 3020 0000 5845 4550 5443
4445 5020 4153 303D 0000 0000
0005 0080 2056 8036 0002 0000 0000 0026 0002 0800
E001 0000 0000 00E0 0000 0000 6007 0014 0003 8C00
0400 0000 0003 8E00 0400 00FF 0003 C000 0400 1C20
0003 8C00 0400 0020 0000 0000 0000 0000 0003 F000
0000 0000 1200 0000 0000 0014 0001 4814 0000 0002
0002 2000 0003 F422 0019 0019 0439 0001 0439 0019
4F4E 4620 5441 4C41 4920 544E 202E 4957 4854 5320
4154 3D54 3034 0000 5845 4550 5443 4445 5320 4154
3254 313D 3237 3430 0032 0000
0005 0081 205D 8036 0002 0000 0000 0026 0002 0800
E001 0000 0000 00E0 0000 0000 6007 0014 0003 8C00
0400 0000 0003 8E00 0400 00FF 0003 C000 0400 1C40
0003 8C00 0400 2000 0000 0000 0000 0000 0003 F000
0000 0000 1200 0000 0000 0014 0001 4814 0000 0002
0002 2000 0003 F444 0018 0018 0439 0001 0439 0020
4F4E 4520 4358 5045 4954 4E4F 4920 544E 202E 4957
4854 5320 4154 3D54 3032 3030 2030 4428 5649 295A
0000 5845 4550 5443 4445 5320 4154 3254 313D 3237
3031 0034 0000
0005 0082 205D 8036 0002 0000 0000 0026 0002 0800
E001 0000 0000 00E0 0000 0000 6007 0014 0003 8C00
0400 0000 0003 8E00 0400 00FF 0003 C000 0400 1C40
0003 8C00 0400 4000 0000 0000 0000 0000 0003 F000
0000 0000 1200 0000 0000 0014 0001 4811 0000 0002
0002 2000 0003 F444 0018 0018 0439 0002 0439 0406
001F 4F4E 4520 4358 5045 4954 4E4F 4920 544E 202E
4957 4854 5320 4154 3D54 3034 3030 2030 5528 464E
0029 5845 4550 5443 4445 5320 4154 3254 313D 3237
3031 0034 0000
0005 0083 005D 0002 0000 0000 0026 0002 0800 E001
0000 0000 00E0 0000 0000 6007 0014 0003 8C00 0400
0000 0003 8E00 0400 00FF 0003 C000 0400 1C40 0003
8C00 0400 8000 0000 0000 0000 0000 0003 F000 0000
0000 1200 0000 0000 0014 0001 4811 0000 0002 0002
2000 0003 F444 0018 0018 0439 0002 0439 0406 0020
4F4E 4520 4358 5045 4954 4E4F 4920 544E 202E 4957
4854 5320 4154 3D54 3031 3030 3030 2820 564F 2946
0000 5845 4550 5443 4445 5320 4154 3254 313D 3237
3031 0034 0000
0005 0084 207B 8036 0002 0000 0000 0046 0002 0800
E001 0000 0003 FEE0 0000 0000 600F 0014 0003 8E00
0400 0002 039F C800 0200 0000 03A0 0000 0400 BFFF
521F C000 0C00 0000 0003 8E00 0400 00FF 0003 C000
0400 1C80 0003 8E00 0400 0002 039F C800 0200 0000
03A0 0000 0400 4000 621F C000 0C00 0000 0003 8E00
0400 00FF 0000 0000 0000 0000 0000 0000 0000 0000
0003 F000 0000 0000 1200 0000 0000 0014 0001 4814
0000 0002 0002 2000 0003 F488 0021 0021 0439 0001
0439 001E 4F4E 4920 4F2F 4920 544E 202E 4957 4854
4320 5254 3D4C 3034 3030 2030 4928 544E 2052 5041
0029 5845 4550 5443 4445 5320 4154 3254 313D 3237
3132 0030 01A0
0005 0085 204D 8036 0002 0000 0000 001E 0002 0800
E001 0000 0000 00E0 0000 0000 6005 0014 0003 8E00
0400 00FF 0003 C000 0400 1C10 1120 0000 0000 0000
0003 F000 0000 0000 1200 0000 0000 0014 0001 4814
0000 0002 0002 2000 0003 F411 0017 0017 0439 0001
0439 0018 5254 5041 4920 544E 202E 4F4E 2054 4449
4E45 4954 4946 4445 0000 5845 4550 5443 4445 5320
4154 3254 313D 3237 3230 0031 0000
0005 0086 204F 8036 0002 0000 0000 0026 0002 0800
E001 0000 0000 00E0 0000 0000 6007 0014 0003 8C00
0400 0000 0380 0000 0400 0010 120C 0000 0000 0001
0280 0000 0000 0000 0000 01AE 0000 0000 0003 F000
0000 0000 1200 0000 0000 0014 0001 4814 0000 0002
0002 2000 0003 0520 0019 0019 0406 0001 0406 0012
5453 4341 204B 564F 5245 4C46 574F 0000 5845 4550
5443 4445 5320 4154 3D54 3432 3034 0000 0000
0005 0087 207F 8036 0002 0000 0000 003A 0002 0800
E001 0000 0003 FEE0 0000 0000 600C 0014 0200 0000
0000 0000 4000 0000 0000 00F0 4000 0000 0000 0030
0387 A000 0A00 0000 4044 0000 0000 0000 0000 018D
0000 0000 0003 8E00 0400 00FF 0380 0000 0400 7FFF
0280 0000 0000 0000 0000 01AF 0000 0000 0003 F000
0000 0000 1200 0000 0000 0014 000A 0207 00FF 0239
1C80 4814 5800 0080 0000 0000 2043 0000 0009 0239
1C80 0002 2000 5800 0080 0000 0000 2043 0003 F488
001E 001E 0439 0001 0439 001E 4F4E 4920 4F2F 4920
544E 202E 4957 4854 4320 5254 3D4C 3032 3030 2030
4928 544E 2052 5041 0029 5845 4550 5443 4445 5320
4154 3254 313D 3237 3132 0030 01A0
0005 0088 2093 8036 0002 0000 0000 004E 0002 0800
E001 0000 0003 FEE0 0000 0000 6011 0014 0003 8E00
0400 00FB 0003 C000 0400 0100 0003 8E00 0400 0002
039F C800 0200 0000 03A0 0000 0400 BFFF 521F C000
0C00 0000 0003 8E00 0400 00FF 0003 C000 0400 1C80
0003 8E00 0400 0002 039F C800 0200 0000 03A0 0000
0400 4000 621F C000 0C00 0000 0003 8E00 0400 00FF
0000 0000 0000 0000 0000 0000 0000 0000 0003 F000
0000 0000 1200 0000 0000 0014 0001 4811 0000 0002
0002 2000 0003 1C80 0023 0023 0439 0001 0439 002E
4E55 4F43 444E 5449 4F49 414E 204C 4328 5254 3D4C
3034 3030 2930 4920 4F2F 4920 544E 5245 5552 5450
0000 4857 4E45 4920 414D 4B53 4220 5449 3720 5320
5445 2820 414D 4B53 4445 4F20 5455 0029 5845 2050
5453 5441 3D32 3631 3032 0030 01A0
0005 0089 2096 8036 0002 0000 0000 0062 0002 0800
E001 0000 0003 FEE0 0000 0000 6016 0014 0003 8E00
0400 00FB 0003 C000 0400 0100 0003 8E00 0400 0002
039F C800 0200 0000 03A0 0000 0400 BFFF 521F C000
0C00 0000 0003 8E00 0400 00FF 0003 C000 0400 1C80
0003 8E00 0400 0002 039F C800 0200 0000 03A0 0000
0400 4000 621F C000 0C00 0000 0003 8E00 0400 00FF
0000 0000 0000 0000 0000 0000 0000 0000 0003 8E00
0400 00FB 0003 C000 0400 0000 0003 8E00 0400 00FF
0000 0000 0000 0000 0000 0000 0000 0000 0003 F000
0000 0000 1200 0000 0000 0014 0001 4814 0000 0002
0002 2000 0003 F488 0028 0028 0439 0001 0439 001D
4E55 4F43 444E 5449 4F49 414E 204C 2F49 204F 4E49
2E54 2820 5443 4C52 343D 3030 3030 2029 5551 0045
5845 2050 5453 5441 3D32 3731 3232 3031 0000 01A0
0005 008A 2085 8036 0002 0000 0000 004A 0002 0800
E001 0000 0003 FEE0 4200 0000 6010 0014 0003 8E00
0400 0002 039F C800 0200 0000 03A0 0000 0400 BFFF
521F C000 0C00 0000 0003 8E00 0400 00FF 0003 C000
0400 1C80 0003 8E00 0400 0002 039F C800 0200 0000
03A0 0000 0400 4000 621F C000 0C00 0000 0003 8E00
0400 00FF 0000 0000 0000 0000 0000 0000 0000 0000
0000 0000 0000 0000 0003 F000 0000 0000 1200 0000
0000 0014 0001 4814 0000 0002 0002 2000 0003 0007
0022 0022 043B 0001 043B 0024 4E55 4F43 444E 5449
4F49 414E 204C 2F49 204F 4E49 2E54 2820 5443 4C52
343D 3030 3030 0029 5257 4E4F 2047 4441 5244 5345
2053 5355 4E49 2047 4F49 4E49 4154 202E 4520 5058
373D 0000 01A0
0005 008B 2093 8036 0002 0000 0000 0042 0002 0800
E001 0000 0003 FEE0 0000 0000 600E 0014 0200 0000
0000 0000 4000 0000 0000 00F0 4000 0000 0000 0030
0387 A000 0A00 0000 4044 0000 0000 0000 0000 018D
0000 0000 0003 8E00 0400 00FB 0003 C000 0400 0200
0380 0000 0400 7FFF 0003 8E00 0400 00FF 0280 0000
0000 0000 0000 01AF 0000 0000 0003 F000 0000 0000
1200 0000 0000 0014 000A 0207 00FF 0239 1C80 4814
5800 0080 0000 0000 2043 0000 0009 0239 1C80 0002
2000 5800 0080 0000 0000 2043 0003 1C80 0020 0020
0439 0001 0439 002A 2F49 204F 4E49 4554 5252 5055
2054 4957 4854 4320 5254 3D4C 3032 3030 2030 4928
544E 2052 5041 0029 4857 4E45 4920 414D 4B53 4220
5449 3620 5320 5445 002E 5845 4550 5443 4445 5320
4154 3254 313D 3236 3030 0000 01A0
0005 008C 20C6 8036 0002 0000 0000 0082 0002 0800
E001 0000 1200 0000 0000 002B 601E 0014 0223 F200
0000 0000 0003 8E00 0400 00FB 0003 C000 0400 0200
0003 8E00 0400 00FE 0003 C000 0400 0000 0003 8E00
0400 00FF 0003 C000 0400 1C80 0200 0000 0000 0000
4000 0000 0000 00F0 4000 0000 0000 0030 0387 A000
0A00 0000 4044 0000 0000 0000 0000 018D 0000 0000
0380 0000 0400 0FFF 0280 0000 0000 0000 0000 01AF
0000 0000 0003 8E00 0400 00FB 0003 C000 0400 0000
0263 8E00 0400 00FF 0260 01B0 0000 0000 0003 8E00
0400 00FF 0003 F000 0000 0000 1200 0000 0000 0014
0003 8E00 0400 00FB 03A7 C800 0200 0000 4264 0000
0000 0000 0000 018A 0000 0000 0003 8E00 0400 00FF
0003 C000 0400 0000 1208 0000 0000 FFF7 0006 4814
5800 0080 0000 0000 2043 0000 0007 0002 2000 5800
0080 0000 0000 2043 0003 F488 0029 0029 0439 0001
0439 0023 2F49 204F 4E49 4554 5252 5055 2054 4957
4854 4320 5254 3D4C 3032 3030 2030 4928 544E 2052
5041 2029 5551 4945 474E 0000 5845 4550 5443 4445
5320 4154 3254 313D 3237 3132 0030 01A0
0005 008D 2095 8036 0002 0000 0000 0056 0002 0800
E001 0000 0003 FEE0 4200 0000 6013 0014 0003 F200
0000 0000 0003 8E00 0400 00FF 0003 C000 0400 1C80
0003 8E00 0400 00FB 0003 C000 0400 0000 0003 8E00
0400 00FE 0003 C000 0400 0000 0200 0000 0000 0000
4000 0000 0000 00F0 4000 0000 0000 0030 0387 A000
0A00 0000 4044 0000 0000 0000 0000 018D 0000 0000
0380 0000 0400 7FFF 0003 8E00 0400 00FF 0280 0000
0000 0000 0000 01AF 0000 0000 0003 F000 0000 0000
1200 0000 0000 0014 0006 4814 5800 0080 0000 0000
2043 0000 0007 0002 2000 5800 0080 0000 0000 2043
0003 0006 0025 0025 043B 0001 043B 001E 4D44 2041
4F44 454E 4920 544E 5245 5552 5450 2820 5443 4C52
323D 3030 3030 2029 5257 4E4F 2047 4F49 4E49 4154
4120 4444 4552 5353 0000 5845 3D50 0036 01A0
0005 0090 2043 8036 0002 0000 0000 001C E001 0000
0000 00E0 0000 0000 6005 0014 0003 8E00 0400 00FF
0003 C000 0400 0010 1120 0000 0000 0000 0003 F000
0000 0000 1200 0000 0000 0014 0003 0801 002E 4811
0000 0402 0239 0010 0200 0017 0002 2000 0003 0010
0017 0017 0439 0000 000B 5254 5041 4920 544E 202E
4957 4854 5520 2049 464F 0046 0000
0005 0091 2080 8036 0002 0000 0000 0046 0002 0800
E001 0000 0003 FEE0 0000 0000 600F 0014 0003 8E00
0400 0002 039F C800 0200 0000 03A0 0000 0400 BFFF
521F C000 0C00 0000 0003 8E00 0400 00FF 0003 C000
0400 1CC0 0003 8E00 0400 0002 039F C800 0200 0000
03A0 0000 0400 4000 621F C000 0C00 0000 0000 0000
0000 0000 0003 8C00 0400 8000 0003 8E00 0400 00FF
0003 F000 0000 0000 1200 0000 0000 0014 0001 4814
0000 0002 0002 2000 0003 F4C4 0021 0021 0439 0001
0439 0023 2F49 2D4F 5845 4543 5450 4F49 204E 5250
4F49 4952 5954 0000 5845 4550 5443 4445 5320 4154
3254 313D 3237 3033 2034 4528 4358 5045 4954 4E4F
5320 4F48 4C55 2044 4957 294E 0000 01A0
0005 0092 207C 8036 0002 0000 0000 0046 0002 0800
E001 0000 0003 FEE0 0000 0000 600F 0014 0003 8E00
0400 0002 039F C800 0200 0000 03A0 0000 0400 BFFF
521F C000 0C00 0000 0003 8E00 0400 00FF 0003 C000
0400 1CA0 0003 8E00 0400 0002 039F C800 0200 0000
03A0 0000 0400 4000 621F C000 0C00 0000 0000 0000
0000 0000 0003 8C00 0400 0020 0003 8E00 0400 00FF
0003 F000 0000 0000 1200 0000 0000 0014 0001 4814
0000 0002 0002 2000 0003 F4A2 0021 0021 0439 0001
0439 001F 2F49 2D4F 4146 4154 204C 5250 4F49 4952
5954 0000 5845 4550 5443 4445 5320 4154 3254 313D
3237 3432 2032 4628 5441 4C41 5320 4F48 4C55 2044
4957 294E 0000 01A0
0005 0093 207A 8036 0002 0000 0000 0046 0002 0800
E001 0000 0003 FEE0 0000 0000 600F 0014 0003 8E00
0400 0002 039F C800 0200 0000 03A0 0000 0400 BFFF
521F C000 0C00 0000 0003 8E00 0400 00FF 0003 C000
0400 1C90 0003 8E00 0400 0002 039F C800 0200 0000
03A0 0000 0400 4000 621F C000 0C00 0000 0003 8E00
0400 00FF 0000 0000 0000 0000 1120 0000 0000 0000
0003 F000 0000 0000 1200 0000 0000 0014 0001 4814
0000 0002 0002 2000 0003 F491 0021 0021 0439 0001
0439 001D 2F49 2D4F 5254 5041 5020 4952 524F 5449
0059 5845 4550 5443 4445 5320 4154 3254 313D 3237
3232 2031 5428 4152 2050 4853 554F 444C 5720 4E49
0029 0000
0005 0094 2051 8036 0002 0000 0000 0022 0002 0800
E001 0000 0000 00E0 0000 0000 6006 0014 0003 8E00
0400 00FF 0003 C000 0400 1C60 0003 8C00 0400 8020
0000 0000 0000 0000 0003 F000 0000 0000 1200 0000
0000 0014 0001 4814 0000 0002 0002 2000 0003 F462
0018 0018 0439 0001 0439 0018 5845 4543 5450 4F49
2D4E 4146 4154 204C 5250 4F49 4952 5954 0000 5845
4550 5443 4445 5320 4154 3254 313D 3237 3431 0032
010E
0005 0095 205B 8036 0002 0000 0000 0022 0002 0800
E001 0000 0000 00E0 0000 0000 6006 0014 0003 8E00
0400 00FF 0003 C000 0400 1C50 0003 8C00 0400 8000
1120 0000 0000 0000 0003 F000 0000 0000 1200 0000
0000 0014 0003 0801 002E 4811 0000 0002 0002 2000
0003 F451 0018 0018 0439 0001 0439 0020 5845 4543
5450 4F49 2D4E 5254 5041 5020 4952 524F 5449 0059
5845 4550 5443 4445 5320 4154 3254 313D 3237 3231
2031 5428 4152 2050 4853 554F 444C 5720 4E49 0029
0000
0005 0097 2080 8036 0002 0000 0000 0046 0002 0800
E001 0000 0003 FEE0 0000 0000 600F 0014 0003 8E00
0400 0002 039F C800 0200 0000 03A0 0000 0400 BFFF
521F C000 0C00 0000 0003 8E00 0400 00FF 0003 C000
0400 1CE0 0003 8E00 0400 0002 039F C800 0200 0000
03A0 0000 0400 4000 621F C000 0C00 0000 0000 0000
0000 0000 0003 8C00 0400 8020 0003 8E00 0400 00FF
0003 F000 0000 0000 1200 0000 0000 0014 0001 4814
0000 0002 0002 2000 0003 F4E2 0021 0021 0439 0001
0439 0023 2F49 2D4F 5845 4543 5450 4F49 2D4E 5254
5041 5020 4952 524F 5449 0059 5845 4550 5443 4445
5320 4154 3254 313D 3237 3433 2032 4628 5441 4C41
5320 4F48 4C55 2044 4957 294E 0000 01A0
0005 0098 207F 8036 0002 0000 0000 0046 0002 0800
E001 0000 0003 FEE0 0000 0000 600F 0014 0003 8E00
0400 0002 039F C800 0200 0000 03A0 0000 0400 BFFF
521F C000 0C00 0000 0003 8E00 0400 00FF 0003 C000
0400 1CD0 0003 8E00 0400 0002 039F C800 0200 0000
03A0 0000 0400 4000 621F C000 0C00 0000 0000 0000
0000 0000 0003 8C00 0400 8000 1123 8E00 0400 00FF
0003 F000 0000 0000 1200 0000 0000 0014 0001 4814
0000 0002 0002 2000 0003 F4D1 0021 0021 0439 0001
0439 0022 2F49 2D4F 5845 4543 5450 4F49 2D4E 5254
5041 5020 4952 524F 5449 0059 5845 4550 5443 4445
5320 4154 3254 313D 3237 3233 2031 5428 4152 2050
4853 554F 444C 5720 4E49 0029 01A0
0005 00E0 2078 8036 0002 0000 0001 0052 6014 0014
0384 0000 0400 0001 0000 0000 1400 0001 4048 0000
0000 0000 028B 8E00 0400 00F9 408B C000 0C00 0000
0003 8E00 0400 00FA 0003 C000 0400 00C0 0003 8E00
0400 00F8 038F C800 0200 0000 30C4 0020 0000 0000
0000 01B8 0000 0000 4044 0000 0000 0000 0000 0193
0000 0000 4444 0000 0000 0000 0000 0044 0000 0000
0000 0000 1400 0000 0003 F000 0000 0000 1200 0000
0000 0014 0003 F000 0000 0000 1208 0000 0000 FFEF
0001 4814 0002 0201 0002 0202 0200 0021 0002 2000
0003 0000 0024 0026 043C 0405 0439 0000 000A 5452
2043 4F43 4E55 2054 5055 4520 5252 524F 0000 01A0
0005 00E1 208C 8036 0002 0000 0001 0066 6019 0014
0003 8E00 0400 00FB 0003 C000 0400 FFFF 0003 8E00
0400 00FF 0003 C000 0400 0000 0384 0000 0400 8000
0000 0000 1400 0001 4048 0000 0000 0000 024B 8E00
0400 00F9 408B C000 0C00 0000 0003 8E00 0400 00FA
0003 C000 0400 0080 0003 8E00 0400 00F8 038F C800
0200 0000 30C4 0020 0000 0000 0000 01B9 0000 0000
4044 0000 0000 0000 0000 0193 0000 0000 4C44 0000
0000 0000 0000 0044 0000 0000 0000 0000 1400 0000
0003 F200 0000 0000 0003 F000 0000 0000 1200 0000
0000 0014 0003 F000 0000 0000 1208 0000 0000 FFEE
0001 4814 0002 0201 0002 0202 0200 0025 0002 2000
0003 0000 0029 002B 043C 0405 0439 0000 000A 5452
2043 4F43 4E55 2054 5055 4520 5252 524F 0000 01A0
0005 00E2 2079 8036 0002 0000 0000 0046 0002 0800
E001 0000 0250 00E0 0000 0000 600F 0014 0003 F200
0000 0000 0003 8E00 0400 00FF 0003 C000 0400 1C80
0003 8E00 0400 00F9 0003 C000 0400 0002 0003 8E00
0400 00FB 0003 C000 0400 0000 0003 8E00 0400 00FA
0210 0000 0000 0000 0003 C000 0400 0101 0380 0000
0400 0040 0280 0000 0000 0000 0000 01AF 0000 0000
0003 F000 0000 0000 1200 0000 0000 0014 0001 4814
0002 0201 0004 0002 0002 2000 0003 0001 0020 0020
0405 0001 0405 001A 5452 2043 2F49 204F 4E49 4554
5252 5055 2054 4554 5453 0000 4F4E 5220 4354 4920
544E 5245 5552 5450 5020 4F52 4543 5353 4445 0000
01A0
0005 00E3 2077 8036 0002 0000 0000 0040 E001 0000
0250 00E0 0000 0000 600E 0014 0003 8E00 0400 00FB
0003 C000 0400 0400 0003 8E00 0400 00FF 0003 C000
0400 1C80 0003 8E00 0400 00F9 0003 C000 0400 0002
0003 8E00 0400 00FA 0210 0000 0000 0000 0003 C000
0400 0101 0380 0000 0400 0040 0280 0000 0000 0000
0000 01AF 0000 0000 0003 F000 0000 0000 1200 0000
0000 0014 0001 4814 0002 0201 0004 0002 0002 2000
0003 0000 001F 001F 0405 0001 0405 001E 5452 2043
4D49 5341 454B 2044 2F49 204F 4E49 4554 5252 5055
2054 4554 5453 0000 4D49 5341 454B 2044 4E49 4554
5252 5055 2054 434F 5543 5252 4445 0000 010E
0005 00E4 2077 8036 0002 0000 0000 0058 E001 0000
0250 00E0 0000 0000 6014 0014 0003 F200 0000 0000
0003 8E00 0400 00FB 0003 C000 0400 0400 0003 8E00
0400 00FF 0003 C000 0400 1C80 0003 8E00 0400 00F9
0003 C000 0400 0002 0003 8E00 0400 00FA 0003 C000
0400 0101 0380 0000 0400 0040 0280 0000 0000 0000
0000 01AF 0000 0000 0003 8E00 0400 00FB 0003 C000
0400 0000 0210 0000 0000 0000 0003 8E00 0400 00FF
0000 0000 0000 0000 0000 0000 0000 0000 0003 F000
0000 0000 1200 0000 0000 0014 0001 4814 0002 0201
0004 0002 0002 2000 0003 0001 0025 0025 0405 0000
0007 5452 2D43 414D 4B53 5120 4555 0000 01A0
0005 00E5 2082 8036 0002 0000 0000 0042 0002 0800
E001 0000 0250 00E0 0000 0000 600E 0014 0003 8E00
0400 00FF 0003 C000 0400 1C80 0003 8E00 0400 00FB
0003 C000 0400 0000 0003 8E00 0400 00F9 0003 C000
0400 0001 0003 8E00 0400 00FA 0210 0000 0000 0000
0003 C000 0400 0002 0380 0000 0400 0040 0280 0000
0000 0000 0000 01AF 0000 0000 0003 F000 0000 0000
1200 0000 0000 0014 0001 4814 0002 0201 0004 0002
0002 2000 0003 0000 001F 001F 0405 0002 0439 0405
0026 5452 2043 2F49 204F 4E49 4554 5252 5055 2054
4E49 4354 4520 414E 4C42 2045 4554 5453 0000 4942
2054 2037 464F 4320 5443 204C 4C43 2052 4944 2044
4F4E 2054 4E49 4948 4942 2054 4E49 2E54 0000 01A0
0005 00E6 207D 8036 0002 0001 8000 0000 0056 0002
0800 E001 0000 0250 00E0 0000 0000 6013 0014 0003
F200 0000 0000 0003 8E00 0400 00FB 0003 C000 0400
0400 0003 8E00 0400 00FF 0003 C000 0400 1C80 0003
8E00 0400 00F9 0003 C000 0400 0002 0003 8E00 0400
00FA 0003 C000 0400 0121 0210 0000 0000 0000 0380
0000 0400 0080 0280 0000 0000 0000 0000 01AF 0000
0000 0003 8E00 0400 00FA 0003 C800 4200 0000 0003
C000 0400 0000 0003 F200 0000 0000 0003 F000 0000
0000 1200 0000 0000 0014 0001 4814 0002 0201 0004
0002 0002 2000 0003 8000 0020 0020 043B 0002 043B
0405 000C 5452 2D43 4E49 4554 5252 5055 2054 5245
4F52 2052 4942 0054 01A0
0005 00E7 2072 8036 0002 0003 0003 F200 0000 0000
0000 003A 0002 0800 E001 0000 0003 FEE0 4200 0000
600C 0014 0000 0000 4400 0000 0003 8E00 0400 00FF
0003 C000 0400 1C80 0003 8E00 0400 00F9 0003 C000
0400 0002 0003 8E00 0400 00FA 0213 C000 0400 0101
0380 0000 0400 0040 0280 0000 0000 0000 0000 01AF
0000 0000 0003 F000 0000 0000 1200 0000 0000 0014
0001 4814 0002 0201 0004 0002 0002 2000 0003 0005
001D 001D 043B 0001 043B 001B 4F49 4E49 4154 5220
4354 4920 544E 5245 5552 5450 4920 2044 4554 5453
0000 4142 2044 4449 4320 444F 2045 5245 4F52 0052
5845 3D50 0035 01A0
